1
49
1
35
1
44
1
13
1
47
1
14
1
4
1
29
1
24
1
9
1
14
1
16
1
40
1
11
1
16
1
16
1
31
1
37
1
19
1
5
1
11
1
4
1
26
1
42
1
6
1
21
1
35
1
5
1
40
1
36
1
2
1
37
1
39
1
31
1
49
1
3
1
44
1
11
1
43
1
15
1
20
1
6
1
10
1
21
1
34
1
10
1
47
1
26
1
6
1
12
1
28
1
20
1
11
1
13
1
10
1
38
1
18
1
25
1
49
1
20
1
10
1
45
1
4
1
20
1
32
1
4
1
50
1
48
1
39
1
32
1
41
1
4
1
25
1
3
1
29
1
43
1
50
1
13
1
40
1
10
1
27
1
17
1
2
1
19
1
6
1
24
1
30
1
29
1
43
1
29
1
18
1
34
1
8
1
31
1
22
1
10
1
36
1
6
1
8
2
40 44
2
12 40
2
38 45
2
13 29
2
2 29
2
1 27
2
35 42
2
11 50
2
1 29
2
32 37
2
7 10
2
25 41
2
9 35
2
17 26
2
41 46
2
18 45
2
9 38
2
11 26
2
4 39
2
41 46
2
12 44
2
33 43
2
35 40
2
9 17
2
13 25
2
36 50
2
16 39
2
12 21
2
15 16
2
9 19
2
5 46
2
31 50
2
18 25
2
21 36
2
16 37
2
23 48
2
30 36
2
6 27
2
7 8
2
30 32
2
11 34
2
8 30
2
18 26
2
14 41
2
4 37
2
2 49
2
2 48
2
16 50
2
6 17
2
4 5
2
18 44
2
27 34
2
21 25
2
21 40
2
6 41
2
10 36
2
32 49
2
23 36
2
28 35
2
8 13
2
3 22
2
40 45
2
14 19
2
1 9
2
5 27
2
2 9
2
20 38
2
23 42
2
46 48
2
18 23
2
30 40
2
18 27
2
24 28
2
4 46
2
2 10
2
7 15
2
17 23
2
29 35
2
11 31
2
5 42
2
6 22
2
45 46
2
33 47
2
28 33
2
13 48
2
9 46
2
26 42
2
24 25
2
15 28
2
7 45
2
5 27
2
12 16
2
10 11
2
11 37
2
36 47
2
38 41
2
11 23
2
13 21
2
3 49
3
14 23 45
3
15 20 43
3
6 46 48
3
35 48 49
3
7 9 36
3
15 25 36
3
9 29 48
3
10 28 49
3
3 29 50
3
2 11 15
3
10 22 38
3
9 14 34
3
13 21 45
3
11 42 45
3
47 48 50
3
1 4 32
3
25 26 48
3
1 10 28
3
6 20 27
3
5 12 34
3
1 32 36
3
25 31 43
3
5 43 50
3
38 39 39
3
3 4 15
3
1 41 48
3
6 12 28
3
29 47 48
3
28 32 40
3
2 14 30
3
6 32 49
3
28 32 41
3
1 14 47
3
23 33 35
3
14 31 32
3
9 35 37
3
4 7 43
3
2 4 20
3
29 30 48
3
1 23 28
3
16 26 43
3
22 24 42
3
13 14 42
3
4 26 34
3
12 25 29
3
12 14 25
3
11 35 47
3
15 34 35
3
3 22 42
3
15 45 49
3
19 49 49
3
31 45 50
3
15 32 34
3
5 13 19
3
6 12 19
3
4 29 34
3
4 16 32
3
2 14 26
3
21 32 50
3
11 31 44
3
9 28 31
3
1 12 22
3
4 9 30
3
10 18 50
3
20 20 40
3
4 15 49
3
9 15 44
3
22 46 50
3
5 17 49
3
5 8 22
3
8 24 31
3
9 18 19
3
28 44 48
3
1 7 8
3
5 9 45
3
17 37 49
3
14 21 28
3
26 29 30
3
30 33 49
3
4 7 42
3
10 25 47
3
5 13 27
3
8 10 28
3
4 13 23
3
3 10 38
3
5 20 42
3
13 25 42
3
10 14 27
3
2 7 17
3
1 42 49
3
12 16 46
3
15 16 37
3
4 23 44
3
2 28 39
3
11 24 49
3
7 22 41
3
12 26 44
3
15 23 26
3
6 9 11
4
7 19 23 48
4
32 35 39 40
4
2 6 13 46
4
1 16 16 33
4
22 35 36 39
4
4 17 20 21
4
38 41 42 46
4
10 10 19 24
4
18 19 37 44
4
1 26 42 45
4
4 20 28 48
4
9 10 25 42
4
31 45 46 50
4
13 15 37 47
4
10 13 27 30
4
19 28 35 46
4
15 28 31 31
4
4 5 10 37
4
13 22 32 41
4
3 8 26 43
4
23 31 37 50
4
3 21 40 43
4
1 3 6 10
4
17 27 36 39
4
1 3 7 40
4
2 4 15 48
4
2 15 41 47
4
1 19 40 44
4
7 18 21 37
4
7 13 26 39
4
2 22 36 45
4
6 12 13 41
4
1 10 34 47
4
6 7 31 31
4
7 19 21 30
4
4 21 26 38
4
8 16 18 34
4
29 36 36 37
4
7 9 30 37
4
8 34 43 46
4
8 11 12 18
4
6 8 9 40
4
14 23 38 43
4
31 36 41 48
4
10 14 21 45
4
11 18 20 49
4
5 12 24 47
4
3 11 23 37
4
19 23 26 49
4
6 34 42 50
4
14 14 19 50
4
27 34 42 50
4
1 8 24 42
4
15 39 45 48
4
1 11 29 31
4
5 23 35 36
4
10 14 25 44
4
22 25 25 33
4
15 20 37 44
4
7 10 13 29
4
4 10 30 35
4
2 17 23 43
4
6 7 10 25
4
27 34 43 44
4
6 6 13 23
4
3 6 12 37
4
1 10 31 47
4
5 9 42 47
4
34 42 47 49
4
9 25 47 49
4
1 10 32 43
4
14 30 46 49
4
25 45 47 50
4
8 10 40 47
4
9 16 29 33
4
6 27 27 28
4
14 21 29 44
4
7 7 11 36
4
3 31 47 48
4
1 7 22 41
4
6 12 17 28
4
13 27 34 44
4
4 7 10 39
4
7 17 44 48
4
27 27 29 37
4
23 26 28 31
4
25 28 37 47
4
20 20 21 23
4
4 16 19 32
4
3 7 23 34
4
17 18 21 32
4
2 19 46 50
4
12 40 46 47
4
1 11 11 18
4
1 28 30 42
4
7 36 40 49
4
7 29 48 48
4
30 31 41 42
4
16 42 49 50
